50
10
0.36 0.68 0.48 0.76 0.16 0.64 0.24 0.96 0.92 0.60
0.72 0.44 0.28 0.40 0.20 0.08 0.04 0.52 0.32 0.56
8
0.03 0.97 0.17 0.83 0.76 0.38 0.90 0.88
0.47 0.10 0.69 0.48 0.12 0.67 0.36 0.91
10
0.13 0.39 0.16 0.61 0.82 0.74 0.72 0.15 0.38 0.58
0.63 0.77 0.08 0.97 0.31 0.05 0.40 0.07 0.59 0.33
10
0.34 0.09 0.22 0.17 0.40 0.23 0.18 0.29 0.39 0.41
0.46 0.43 0.94 0.42 0.56 0.59 0.70 0.78 0.45 0.87
10
0.764 0.340 0.396 0.575 0.075 0.415 0.057 0.981 0.387 0.047
0.566 0.896 0.623 0.528 0.028 0.264 0.132 0.198 0.689 0.113
10
0.96 0.86 0.75 0.32 0.07 0.39 0.25 0.57 0.21 0.29
0.82 0.89 0.46 0.43 0.61 0.18 0.68 0.79 0.36 0.14
10
0.79 0.81 0.94 0.91 0.77 0.66 0.85 0.62 0.72 0.57
0.36 0.06 0.02 0.13 0.45 0.23 0.11 0.47 0.28 0.40
8
0.97 0.75 0.19 0.69 0.85 0.60 0.98 0.91
0.51 0.77 0.89 0.37 0.84 0.90 0.31 0.39
6
0.52 0.98 0.57 0.78 0.22 0.18
0.55 0.65 0.85 0.25 0.32 0.03
10
0.27 0.09 0.70 0.30 0.67 0.94 0.97 0.24 0.82 0.61
0.39 0.73 0.33 0.55 0.12 0.45 0.52 0.76 0.88 0.15
10
0.23 0.06 0.25 0.32 0.17 0.83 0.28 0.24 0.69 0.58
0.70 0.68 0.49 0.01 0.45 0.41 0.97 0.27 0.92 0.56
10
0.67 0.69 0.31 0.78 0.64 0.81 0.17 0.03 0.89 0.86
0.50 0.22 0.83 0.19 0.97 0.33 0.61 0.56 0.92 0.36
9
0.06 0.82 0.55 0.13 0.60 0.94 0.80 0.16 0.63
0.79 0.12 0.74 0.66 0.23 0.34 0.85 0.02 0.62
1
0.18
0.73
10
0.51 0.77 0.38 0.43 0.32 0.47 0.74 0.26 0.19 0.66
0.68 0.40 0.30 0.75 0.94 0.45 0.87 0.62 0.92 0.06
10
0.85 0.30 0.91 0.76 0.42 0.82 0.73 0.94 0.79 0.33
0.21 0.27 0.52 0.88 0.03 0.18 0.12 0.58 0.06 0.70
10
0.24 0.44 0.61 0.97 0.16 0.05 0.89 0.41 0.01 0.60
0.87 0.71 0.77 0.72 0.15 0.57 0.09 0.07 0.31 0.35
4
0.93 0.21 0.71 0.64
0.07 0.50 0.57 0.86
10
0.90 0.95 0.20 0.22 0.45 0.68 0.58 0.93 0.43 0.48
0.88 0.03 0.85 0.78 0.80 0.40 0.38 0.25 0.73 0.98
7
0.66 0.63 0.82 0.95 0.50 0.87 0.97
0.24 0.16 0.08 0.13 0.03 0.32 0.26
10
0.61 0.63 0.16 0.84 0.92 0.13 0.76 0.55 0.50 0.53
0.79 0.87 0.37 0.26 0.89 0.03 0.71 0.45 0.47 0.68
5
0.91 0.51 0.29 0.94 0.83
0.77 0.31 0.57 0.86 0.17
10
0.96 0.81 0.50 0.42 0.23 0.12 0.08 0.04 0.69 0.88
0.65 0.46 0.38 0.19 0.31 0.73 0.85 0.27 0.35 0.77
1
0.4
0.2
10
0.90 0.02 0.25 0.41 0.24 0.88 0.30 0.52 0.47 0.98
0.14 0.38 0.60 0.21 0.94 0.12 0.13 0.35 0.51 0.74
2
0.5 0.7
0.2 0.8
10
0.31 0.02 0.74 0.48 0.09 0.46 0.93 0.35 0.19 0.04
0.26 0.13 0.81 0.44 0.22 0.28 0.37 0.41 0.80 0.96
1
0.1
0.2
1
0.8
0.4
10
0.934 0.896 0.972 0.170 0.887 0.462 0.217 0.698 0.774 0.453
0.953 0.925 0.962 0.255 0.906 0.981 0.208 0.613 0.585 0.377
10
0.55 0.40 0.10 0.06 0.48 0.32 0.59 0.35 0.23 0.52
0.71 0.95 0.63 0.93 0.96 0.74 0.62 0.79 0.97 0.86
10
0.75 0.42 0.95 0.85 0.23 0.99 0.82 0.01 0.71 0.24
0.89 0.66 0.28 0.74 0.87 0.02 0.92 0.97 0.32 0.15
10
0.67 0.62 0.02 0.48 0.84 0.81 0.56 0.98 0.59 0.99
0.41 0.68 0.29 0.63 0.74 0.26 0.72 0.30 0.19 0.38
2
0.8 0.6
0.1 0.3
1
0.2
0.7
10
0.31 0.43 0.82 0.55 0.97 0.72 0.04 0.30 0.81 0.78
0.03 0.37 0.10 0.42 0.94 0.13 0.39 0.28 0.34 0.09
10
0.84 0.37 0.20 0.52 0.13 0.24 0.86 0.23 0.77 0.66
0.82 0.53 0.67 0.88 0.60 0.59 0.01 0.11 0.69 0.12
7
0.98 0.60 0.76 0.05 0.64 0.71 0.38
0.84 0.56 0.31 0.82 0.47 0.69 0.44
10
0.13 0.24 0.26 0.81 0.52 0.63 0.79 0.39 0.64 0.93
0.27 0.33 0.35 0.66 0.09 0.67 0.56 0.88 0.05 0.07
10
0.33 0.19 0.08 0.15 0.16 0.92 0.71 0.68 0.07 0.44
0.47 0.93 0.29 0.96 0.34 0.95 0.58 0.81 0.27 0.70
3
0.88 0.47 0.65
0.24 0.06 0.82
1
0.8
0.5
10
0.43 0.53 0.73 0.80 0.05 0.17 0.55 0.88 0.38 0.60
0.10 0.58 0.98 0.30 0.90 0.27 0.25 0.65 0.20 0.48
9
0.62 0.42 0.72 0.99 0.37 0.43 0.19 0.96 0.01
0.13 0.39 0.77 0.89 0.94 0.59 0.52 0.65 0.17
10
0.961 0.676 0.725 0.539 0.637 0.578 0.824 0.941 0.559 0.696
0.275 0.480 0.392 0.490 0.127 0.353 0.098 0.235 0.176 0.010
10
0.06 0.19 0.44 0.21 0.88 0.10 0.90 0.98 0.46 0.25
0.75 0.37 0.13 0.23 0.60 0.04 0.56 0.96 0.67 0.94
4
0.3 0.6 0.9 0.1
0.4 0.2 0.5 0.8
4
0.31 0.12 0.19 0.38
0.50 0.62 0.44 0.75
4
0.17 0.56 0.11 0.33
0.89 0.39 0.83 0.22
10
0.311 0.068 0.010 0.845 0.184 0.379 0.544 0.262 0.447 0.359
0.223 0.981 0.194 0.621 0.942 0.903 0.340 0.913 0.990 0.398